4.071450000000000102e+01 -7.394249999999999545e+01 6.666666666666666297e-01 3.333333333333333148e-01 0.000000000000000000e+00
4.079469999999999885e+01 -7.396670000000000300e+01 9.583333333333333703e-01 4.166666666666666435e-02 0.000000000000000000e+00
4.073879999999999768e+01 -7.400180000000000291e+01 4.375000000000000000e-01 4.375000000000000000e-01 1.250000000000000000e-01
4.075390000000000157e+01 -7.396769999999999357e+01 9.504950495049504511e-01 4.950495049504950729e-02 0.000000000000000000e+00
4.082410000000000139e+01 -7.394929999999999382e+01 8.000000000000000444e-01 2.000000000000000111e-01 0.000000000000000000e+00
4.074289999999999878e+01 -7.400279999999999347e+01 5.333333333333333259e-01 4.666666666666666741e-01 0.000000000000000000e+00
4.080120000000000147e+01 -7.396599999999999397e+01 1.000000000000000000e+00 0.000000000000000000e+00 0.000000000000000000e+00
4.074269999999999925e+01 -7.399569999999999936e+01 7.575757575757575690e-01 1.818181818181818232e-01 6.060606060606060774e-02
4.082339999999999947e+01 -7.394570000000000221e+01 2.592592592592592449e-01 5.185185185185184897e-01 2.222222222222222099e-01
4.072780000000000200e+01 -7.398080000000000211e+01 1.000000000000000000e+00 0.000000000000000000e+00 0.000000000000000000e+00
4.077689999999999770e+01 -7.394670000000000698e+01 7.600000000000000089e-01 1.600000000000000033e-01 8.000000000000000167e-02
4.084479999999999933e+01 -7.393959999999999866e+01 8.000000000000000444e-01 2.000000000000000111e-01 0.000000000000000000e+00
4.074880000000000280e+01 -7.397700000000000387e+01 7.333333333333332815e-01 2.000000000000000111e-01 6.666666666666666574e-02
4.077069999999999794e+01 -7.398170000000000357e+01 8.125000000000000000e-01 1.875000000000000000e-01 0.000000000000000000e+00
4.075840000000000174e+01 -7.396479999999999677e+01 5.454545454545454142e-01 9.090909090909091161e-02 3.636363636363636465e-01
4.074389999999999645e+01 -7.397429999999999950e+01 7.777777777777777901e-01 1.851851851851851749e-01 3.703703703703703498e-02
4.073049999999999926e+01 -7.398300000000000409e+01 1.000000000000000000e+00 0.000000000000000000e+00 0.000000000000000000e+00
4.086430000000000007e+01 -7.392799999999999727e+01 1.000000000000000000e+00 0.000000000000000000e+00 0.000000000000000000e+00
4.079990000000000094e+01 -7.396380000000000621e+01 9.090909090909090606e-01 9.090909090909091161e-02 0.000000000000000000e+00
4.073279999999999745e+01 -7.397990000000000066e+01 1.000000000000000000e+00 0.000000000000000000e+00 0.000000000000000000e+00
4.074540000000000362e+01 -7.398449999999999704e+01 6.511627906976744651e-01 2.790697674418604612e-01 6.976744186046511531e-02
4.074269999999999925e+01 -7.397939999999999827e+01 3.333333333333333148e-01 1.666666666666666574e-01 5.000000000000000000e-01
4.074470000000000169e+01 -7.397410000000000707e+01 6.739130434782608647e-01 2.934782608695652439e-01 3.260869565217391214e-02
4.070739999999999981e+01 -7.400809999999999889e+01 8.947368421052631637e-01 1.052631578947368363e-01 0.000000000000000000e+00
4.073910000000000053e+01 -7.399360000000000070e+01 4.074074074074073848e-01 3.703703703703703498e-01 2.222222222222222099e-01
4.075840000000000174e+01 -7.396529999999999916e+01 1.000000000000000000e+00 0.000000000000000000e+00 0.000000000000000000e+00
4.077279999999999660e+01 -7.395019999999999527e+01 4.545454545454545303e-01 5.454545454545454142e-01 0.000000000000000000e+00
4.077089999999999748e+01 -7.399169999999999447e+01 7.974683544303797778e-01 1.772151898734177222e-01 2.531645569620253125e-02
4.083350000000000080e+01 -7.391410000000000480e+01 0.000000000000000000e+00 0.000000000000000000e+00 1.000000000000000000e+00
4.077159999999999940e+01 -7.395059999999999434e+01 8.837209302325581550e-01 1.162790697674418589e-01 0.000000000000000000e+00
4.078970000000000340e+01 -7.397599999999999909e+01 0.000000000000000000e+00 1.000000000000000000e+00 0.000000000000000000e+00
4.079019999999999868e+01 -7.396779999999999688e+01 5.000000000000000000e-01 4.687500000000000000e-01 3.125000000000000000e-02
4.071790000000000020e+01 -7.401479999999999393e+01 9.615384615384615641e-01 3.846153846153846367e-02 0.000000000000000000e+00
4.073010000000000019e+01 -7.399420000000000641e+01 7.377049180327869271e-01 1.803278688524590223e-01 8.196721311475409222e-02
4.084400000000000119e+01 -7.394039999999999679e+01 4.166666666666666852e-01 5.000000000000000000e-01 8.333333333333332871e-02
4.078999999999999915e+01 -7.394180000000000064e+01 8.000000000000000444e-01 6.666666666666666574e-02 1.333333333333333315e-01
4.081839999999999691e+01 -7.393890000000000384e+01 6.666666666666666297e-01 0.000000000000000000e+00 3.333333333333333148e-01
4.076489999999999725e+01 -7.397629999999999484e+01 5.000000000000000000e-01 0.000000000000000000e+00 5.000000000000000000e-01
4.074710000000000321e+01 -7.398669999999999902e+01 9.333333333333333481e-01 6.666666666666666574e-02 0.000000000000000000e+00
4.075300000000000011e+01 -7.399590000000000600e+01 4.576271186440677985e-01 4.067796610169491789e-01 1.355932203389830504e-01
4.072310000000000230e+01 -7.400440000000000396e+01 3.086419753086419582e-01 4.938271604938271331e-01 1.975308641975308532e-01
4.077230000000000132e+01 -7.395329999999999870e+01 1.000000000000000000e+00 0.000000000000000000e+00 0.000000000000000000e+00
4.077530000000000143e+01 -7.395399999999999352e+01 6.388888888888888395e-01 3.055555555555555802e-01 5.555555555555555247e-02
4.077389999999999759e+01 -7.395109999999999673e+01 7.692307692307692735e-01 1.538461538461538547e-01 7.692307692307692735e-02
4.080310000000000059e+01 -7.395699999999999363e+01 7.812500000000000000e-01 2.187500000000000000e-01 0.000000000000000000e+00
4.079749999999999943e+01 -7.396259999999999479e+01 0.000000000000000000e+00 1.000000000000000000e+00 0.000000000000000000e+00
4.073720000000000141e+01 -7.399809999999999377e+01 6.506024096385542022e-01 2.650602409638554424e-01 8.433734939759035543e-02
4.074790000000000134e+01 -7.400050000000000239e+01 7.500000000000000000e-01 2.500000000000000000e-01 0.000000000000000000e+00
4.078020000000000067e+01 -7.395040000000000191e+01 7.500000000000000000e-01 2.500000000000000000e-01 0.000000000000000000e+00
4.073769999999999669e+01 -7.398309999999999320e+01 4.411764705882352811e-01 3.529411764705882582e-01 2.058823529411764608e-01
4.072630000000000194e+01 -7.385729999999999507e+01 5.000000000000000000e-01 5.000000000000000000e-01 0.000000000000000000e+00
4.072670000000000101e+01 -7.385689999999999600e+01 5.000000000000000000e-01 2.500000000000000000e-01 2.500000000000000000e-01
4.078170000000000073e+01 -7.395730000000000359e+01 1.000000000000000000e+00 0.000000000000000000e+00 0.000000000000000000e+00
4.078900000000000148e+01 -7.397560000000000002e+01 8.974358974358974672e-01 1.025641025641025605e-01 0.000000000000000000e+00
4.075220000000000198e+01 -7.397020000000000550e+01 9.411764705882352811e-01 5.882352941176470507e-02 0.000000000000000000e+00
4.070589999999999975e+01 -7.383389999999999986e+01 0.000000000000000000e+00 1.000000000000000000e+00 0.000000000000000000e+00
4.079429999999999978e+01 -7.396750000000000114e+01 5.614035087719297934e-01 4.035087719298245390e-01 3.508771929824561209e-02
4.076989999999999981e+01 -7.395650000000000546e+01 1.000000000000000000e+00 0.000000000000000000e+00 0.000000000000000000e+00
4.076599999999999824e+01 -7.399139999999999873e+01 0.000000000000000000e+00 1.000000000000000000e+00 0.000000000000000000e+00
4.068880000000000052e+01 -7.395220000000000482e+01 1.000000000000000000e+00 0.000000000000000000e+00 0.000000000000000000e+00
4.074929999999999808e+01 -7.371420000000000528e+01 1.666666666666666574e-01 6.666666666666666297e-01 1.666666666666666574e-01
4.078920000000000101e+01 -7.397050000000000125e+01 5.999999999999999778e-01 4.000000000000000222e-01 0.000000000000000000e+00
4.075710000000000122e+01 -7.396469999999999345e+01 6.046511627906976383e-01 3.255813953488372325e-01 6.976744186046511531e-02
4.072990000000000066e+01 -7.398189999999999600e+01 4.473684210526315819e-01 3.947368421052631637e-01 1.578947368421052544e-01
4.077960000000000207e+01 -7.394929999999999382e+01 5.000000000000000000e-01 3.750000000000000000e-01 1.250000000000000000e-01
4.074589999999999890e+01 -7.395640000000000214e+01 8.780487804878048808e-01 1.219512195121951192e-01 0.000000000000000000e+00
4.074669999999999703e+01 -7.398539999999999850e+01 9.166666666666666297e-01 8.333333333333332871e-02 0.000000000000000000e+00
4.076189999999999714e+01 -7.398539999999999850e+01 9.333333333333333481e-01 6.666666666666666574e-02 0.000000000000000000e+00
4.073409999999999798e+01 -7.398959999999999582e+01 8.307692307692308153e-01 1.076923076923076983e-01 6.153846153846154188e-02
4.074130000000000251e+01 -7.397790000000000532e+01 4.459459459459459429e-01 4.864864864864865135e-01 6.756756756756757132e-02
4.073510000000000275e+01 -7.395310000000000628e+01 1.000000000000000000e+00 0.000000000000000000e+00 0.000000000000000000e+00
4.080279999999999774e+01 -7.396479999999999677e+01 8.000000000000000444e-01 2.000000000000000111e-01 0.000000000000000000e+00
4.071959999999999980e+01 -7.401090000000000657e+01 2.608695652173912971e-01 5.652173913043477826e-01 1.739130434782608647e-01
4.077770000000000294e+01 -7.395319999999999538e+01 4.347826086956521618e-01 3.913043478260869734e-01 1.739130434782608647e-01
4.070870000000000033e+01 -7.400579999999999359e+01 6.538461538461538547e-01 3.461538461538461453e-01 0.000000000000000000e+00
4.079240000000000066e+01 -7.397410000000000707e+01 8.666666666666666963e-01 1.333333333333333315e-01 0.000000000000000000e+00
4.077559999999999718e+01 -7.398460000000000036e+01 6.296296296296296502e-01 3.333333333333333148e-01 3.703703703703703498e-02
4.070539999999999736e+01 -7.400950000000000273e+01 6.617647058823529216e-01 2.647058823529411797e-01 7.352941176470588480e-02
4.071079999999999899e+01 -7.385429999999999495e+01 0.000000000000000000e+00 0.000000000000000000e+00 1.000000000000000000e+00
4.078020000000000067e+01 -7.394440000000000168e+01 9.459459459459459429e-01 5.405405405405405705e-02 0.000000000000000000e+00
4.066400000000000148e+01 -7.393420000000000414e+01 0.000000000000000000e+00 0.000000000000000000e+00 1.000000000000000000e+00
4.073490000000000322e+01 -7.398629999999999995e+01 6.153846153846154188e-01 2.820512820512820484e-01 1.025641025641025605e-01
4.076169999999999760e+01 -7.396259999999999479e+01 5.925925925925925597e-01 2.592592592592592449e-01 1.481481481481481399e-01
4.083939999999999770e+01 -7.393810000000000571e+01 0.000000000000000000e+00 0.000000000000000000e+00 1.000000000000000000e+00
4.079310000000000258e+01 -7.397150000000000603e+01 5.999999999999999778e-01 2.000000000000000111e-01 2.000000000000000111e-01
4.077879999999999683e+01 -7.395380000000000109e+01 1.000000000000000000e+00 0.000000000000000000e+00 0.000000000000000000e+00
4.065780000000000172e+01 -7.392589999999999861e+01 1.000000000000000000e+00 0.000000000000000000e+00 0.000000000000000000e+00
4.076899999999999835e+01 -7.395409999999999684e+01 5.714285714285713969e-01 2.857142857142856984e-01 1.428571428571428492e-01
4.066329999999999956e+01 -7.398239999999999839e+01 6.666666666666666297e-01 0.000000000000000000e+00 3.333333333333333148e-01
4.077620000000000289e+01 -7.395919999999999561e+01 9.230769230769231282e-01 7.692307692307692735e-02 0.000000000000000000e+00
4.076039999999999708e+01 -7.396169999999999334e+01 1.000000000000000000e+00 0.000000000000000000e+00 0.000000000000000000e+00
4.077799999999999869e+01 -7.397740000000000293e+01 5.000000000000000000e-01 5.000000000000000000e-01 0.000000000000000000e+00
4.078009999999999735e+01 -7.398029999999999973e+01 7.500000000000000000e-01 2.500000000000000000e-01 0.000000000000000000e+00
4.074470000000000169e+01 -7.400520000000000209e+01 6.666666666666666297e-01 2.222222222222222099e-01 1.111111111111111049e-01
4.068959999999999866e+01 -7.399819999999999709e+01 0.000000000000000000e+00 1.000000000000000000e+00 0.000000000000000000e+00
4.073060000000000258e+01 -7.385190000000000055e+01 1.000000000000000000e+00 0.000000000000000000e+00 0.000000000000000000e+00
4.073179999999999978e+01 -7.400159999999999627e+01 2.500000000000000000e-01 5.000000000000000000e-01 2.500000000000000000e-01
4.075939999999999941e+01 -7.397119999999999607e+01 5.000000000000000000e-01 3.571428571428571508e-01 1.428571428571428492e-01
4.074799999999999756e+01 -7.395720000000000027e+01 7.500000000000000000e-01 2.500000000000000000e-01 0.000000000000000000e+00
4.076809999999999690e+01 -7.398579999999999757e+01 1.000000000000000000e+00 0.000000000000000000e+00 0.000000000000000000e+00
4.062400000000000233e+01 -7.403119999999999834e+01 0.000000000000000000e+00 1.000000000000000000e+00 0.000000000000000000e+00
4.071609999999999729e+01 -7.395480000000000587e+01 1.000000000000000000e+00 0.000000000000000000e+00 0.000000000000000000e+00
4.076760000000000161e+01 -7.395770000000000266e+01 1.000000000000000000e+00 0.000000000000000000e+00 0.000000000000000000e+00
4.070730000000000359e+01 -7.400459999999999638e+01 5.879396984924623037e-01 3.266331658291457551e-01 8.542713567839195499e-02
4.059459999999999980e+01 -7.396169999999999334e+01 6.666666666666666297e-01 0.000000000000000000e+00 3.333333333333333148e-01
4.074260000000000304e+01 -7.397899999999999920e+01 7.333333333333332815e-01 2.666666666666666630e-01 0.000000000000000000e+00
4.077929999999999922e+01 -7.394960000000000377e+01 6.250000000000000000e-01 2.083333333333333426e-01 1.666666666666666574e-01
4.072160000000000224e+01 -7.394230000000000302e+01 1.000000000000000000e+00 0.000000000000000000e+00 0.000000000000000000e+00
4.071280000000000143e+01 -7.400589999999999691e+01 6.571428571428571397e-01 2.571428571428571175e-01 8.571428571428571508e-02
4.077629999999999910e+01 -7.395180000000000575e+01 7.777777777777777901e-01 2.222222222222222099e-01 0.000000000000000000e+00
4.076760000000000161e+01 -7.398130000000000450e+01 7.142857142857143016e-01 2.857142857142856984e-01 0.000000000000000000e+00
4.057569999999999766e+01 -7.396859999999999502e+01 1.000000000000000000e+00 0.000000000000000000e+00 0.000000000000000000e+00
4.077770000000000294e+01 -7.398829999999999529e+01 9.736842105263158187e-01 2.631578947368420907e-02 0.000000000000000000e+00
4.080340000000000344e+01 -7.396609999999999729e+01 1.000000000000000000e+00 0.000000000000000000e+00 0.000000000000000000e+00
4.071329999999999671e+01 -7.393949999999999534e+01 0.000000000000000000e+00 1.000000000000000000e+00 0.000000000000000000e+00
4.086780000000000257e+01 -7.392510000000000048e+01 4.000000000000000222e-01 0.000000000000000000e+00 5.999999999999999778e-01
4.075919999999999987e+01 -7.399030000000000484e+01 6.666666666666666297e-01 3.333333333333333148e-01 0.000000000000000000e+00
4.077790000000000248e+01 -7.395250000000000057e+01 9.583333333333333703e-01 4.166666666666666435e-02 0.000000000000000000e+00
4.070640000000000214e+01 -7.401000000000000512e+01 9.166666666666666297e-01 8.333333333333332871e-02 0.000000000000000000e+00
4.071079999999999899e+01 -7.398779999999999291e+01 0.000000000000000000e+00 5.000000000000000000e-01 5.000000000000000000e-01
4.078560000000000230e+01 -7.397939999999999827e+01 6.666666666666666297e-01 2.500000000000000000e-01 8.333333333333332871e-02
4.072809999999999775e+01 -7.398120000000000118e+01 6.666666666666666297e-01 3.333333333333333148e-01 0.000000000000000000e+00
4.073930000000000007e+01 -7.398170000000000357e+01 0.000000000000000000e+00 7.500000000000000000e-01 2.500000000000000000e-01
4.077360000000000184e+01 -7.394700000000000273e+01 8.333333333333333703e-01 1.666666666666666574e-01 0.000000000000000000e+00
4.076330000000000098e+01 -7.396280000000000143e+01 8.333333333333333703e-01 1.458333333333333426e-01 2.083333333333333218e-02
4.074439999999999884e+01 -7.397539999999999338e+01 8.000000000000000444e-01 1.714285714285714302e-01 2.857142857142857054e-02
4.077960000000000207e+01 -7.378040000000000020e+01 0.000000000000000000e+00 0.000000000000000000e+00 1.000000000000000000e+00
4.076970000000000027e+01 -7.395810000000000173e+01 5.833333333333333703e-01 3.333333333333333148e-01 8.333333333333332871e-02
4.070750000000000313e+01 -7.401130000000000564e+01 8.809523809523809312e-01 9.523809523809523281e-02 2.380952380952380820e-02
4.072639999999999816e+01 -7.398359999999999559e+01 5.000000000000000000e-01 5.000000000000000000e-01 0.000000000000000000e+00
4.079829999999999757e+01 -7.394159999999999400e+01 0.000000000000000000e+00 7.500000000000000000e-01 2.500000000000000000e-01
4.074810000000000088e+01 -7.397480000000000189e+01 5.882352941176470784e-01 2.941176470588235392e-01 1.176470588235294101e-01
4.079930000000000234e+01 -7.396890000000000498e+01 1.000000000000000000e+00 0.000000000000000000e+00 0.000000000000000000e+00
4.076939999999999742e+01 -7.396030000000000371e+01 9.333333333333333481e-01 6.666666666666666574e-02 0.000000000000000000e+00
4.077510000000000190e+01 -7.394809999999999661e+01 8.823529411764705621e-01 1.176470588235294101e-01 0.000000000000000000e+00
4.079220000000000113e+01 -7.396450000000000102e+01 1.000000000000000000e+00 0.000000000000000000e+00 0.000000000000000000e+00
4.073660000000000281e+01 -7.399339999999999407e+01 7.446808510638297518e-01 1.702127659574468044e-01 8.510638297872340219e-02
4.068959999999999866e+01 -7.395269999999999300e+01 1.000000000000000000e+00 0.000000000000000000e+00 0.000000000000000000e+00
4.073239999999999839e+01 -7.400809999999999889e+01 1.000000000000000000e+00 0.000000000000000000e+00 0.000000000000000000e+00
4.074119999999999919e+01 -7.397719999999999629e+01 6.209677419354838745e-01 3.064516129032258118e-01 7.258064516129032751e-02
4.075399999999999778e+01 -7.396779999999999688e+01 6.250000000000000000e-01 3.125000000000000000e-01 6.250000000000000000e-02
4.073819999999999908e+01 -7.399649999999999750e+01 9.000000000000000222e-01 1.000000000000000056e-01 0.000000000000000000e+00
4.076400000000000290e+01 -7.398000000000000398e+01 1.000000000000000000e+00 0.000000000000000000e+00 0.000000000000000000e+00
4.074009999999999820e+01 -7.400390000000000157e+01 5.000000000000000000e-01 0.000000000000000000e+00 5.000000000000000000e-01
4.074810000000000088e+01 -7.395640000000000214e+01 6.666666666666666297e-01 2.500000000000000000e-01 8.333333333333332871e-02
4.077230000000000132e+01 -7.394799999999999329e+01 6.250000000000000000e-01 3.750000000000000000e-01 0.000000000000000000e+00
4.076809999999999690e+01 -7.395269999999999300e+01 8.181818181818182323e-01 1.818181818181818232e-01 0.000000000000000000e+00
4.077770000000000294e+01 -7.394979999999999620e+01 5.555555555555555802e-01 4.444444444444444198e-01 0.000000000000000000e+00
4.079509999999999792e+01 -7.396760000000000446e+01 4.772727272727272929e-01 3.863636363636363535e-01 1.363636363636363535e-01
4.069050000000000011e+01 -7.396680000000000632e+01 8.214285714285713969e-01 1.071428571428571369e-01 7.142857142857142461e-02
4.076120000000000232e+01 -7.399779999999999802e+01 6.875000000000000000e-01 2.708333333333333148e-01 4.166666666666666435e-02
4.079059999999999775e+01 -7.396869999999999834e+01 8.636363636363636465e-01 1.363636363636363535e-01 0.000000000000000000e+00
4.086659999999999826e+01 -7.392170000000000130e+01 3.333333333333333148e-01 5.000000000000000000e-01 1.666666666666666574e-01
4.076919999999999789e+01 -7.398470000000000368e+01 1.000000000000000000e+00 0.000000000000000000e+00 0.000000000000000000e+00
4.070750000000000313e+01 -7.400589999999999691e+01 6.210526315789474117e-01 2.736842105263158076e-01 1.052631578947368363e-01
4.068119999999999692e+01 -7.391049999999999898e+01 0.000000000000000000e+00 1.000000000000000000e+00 0.000000000000000000e+00
4.104120000000000346e+01 -7.354000000000000625e+01 1.000000000000000000e+00 0.000000000000000000e+00 0.000000000000000000e+00
4.076339999999999719e+01 -7.395959999999999468e+01 1.000000000000000000e+00 0.000000000000000000e+00 0.000000000000000000e+00
4.073069999999999879e+01 -7.398369999999999891e+01 0.000000000000000000e+00 3.333333333333333148e-01 6.666666666666666297e-01
4.072420000000000329e+01 -7.398779999999999291e+01 0.000000000000000000e+00 1.000000000000000000e+00 0.000000000000000000e+00
4.072979999999999734e+01 -7.398680000000000234e+01 3.333333333333333148e-01 3.333333333333333148e-01 3.333333333333333148e-01
4.076579999999999870e+01 -7.397809999999999775e+01 8.979591836734693855e-01 4.081632653061224164e-02 6.122448979591836593e-02
4.075480000000000302e+01 -7.399439999999999884e+01 6.705882352941175961e-01 2.117647058823529382e-01 1.176470588235294101e-01
4.074369999999999692e+01 -7.395850000000000080e+01 8.666666666666666963e-01 1.333333333333333315e-01 0.000000000000000000e+00
4.071770000000000067e+01 -7.399840000000000373e+01 7.222222222222222099e-01 2.222222222222222099e-01 5.555555555555555247e-02
4.076299999999999812e+01 -7.395789999999999509e+01 8.750000000000000000e-01 1.250000000000000000e-01 0.000000000000000000e+00
4.066629999999999967e+01 -7.394020000000000437e+01 6.666666666666666297e-01 3.333333333333333148e-01 0.000000000000000000e+00
4.074060000000000059e+01 -7.398220000000000596e+01 8.571428571428570953e-01 1.428571428571428492e-01 0.000000000000000000e+00
4.075500000000000256e+01 -7.396630000000000393e+01 7.500000000000000000e-01 2.500000000000000000e-01 0.000000000000000000e+00
4.076209999999999667e+01 -7.399559999999999604e+01 9.122807017543859143e-01 7.017543859649122417e-02 1.754385964912280604e-02
4.074689999999999657e+01 -7.398029999999999973e+01 7.500000000000000000e-01 2.500000000000000000e-01 0.000000000000000000e+00
4.071110000000000184e+01 -7.382720000000000482e+01 7.500000000000000000e-01 0.000000000000000000e+00 2.500000000000000000e-01
4.071820000000000306e+01 -7.401479999999999393e+01 6.999999999999999556e-01 2.800000000000000266e-01 2.000000000000000042e-02
4.082169999999999987e+01 -7.394859999999999900e+01 3.703703703703703498e-01 4.074074074074073848e-01 2.222222222222222099e-01
4.072650000000000148e+01 -7.398350000000000648e+01 0.000000000000000000e+00 1.000000000000000000e+00 0.000000000000000000e+00
4.074410000000000309e+01 -7.387919999999999732e+01 5.000000000000000000e-01 5.000000000000000000e-01 0.000000000000000000e+00
4.076890000000000214e+01 -7.396810000000000684e+01 1.000000000000000000e+00 0.000000000000000000e+00 0.000000000000000000e+00
4.070320000000000249e+01 -7.399139999999999873e+01 9.344262295081967595e-01 6.557377049180328210e-02 0.000000000000000000e+00
4.077870000000000061e+01 -7.397509999999999764e+01 1.000000000000000000e+00 0.000000000000000000e+00 0.000000000000000000e+00
4.072650000000000148e+01 -7.398510000000000275e+01 8.000000000000000444e-01 0.000000000000000000e+00 2.000000000000000111e-01
4.074909999999999854e+01 -7.397889999999999588e+01 7.868852459016393297e-01 1.803278688524590223e-01 3.278688524590164105e-02
4.077259999999999707e+01 -7.392600000000000193e+01 7.500000000000000000e-01 0.000000000000000000e+00 2.500000000000000000e-01
4.074620000000000175e+01 -7.397570000000000334e+01 8.299999999999999600e-01 1.600000000000000033e-01 1.000000000000000021e-02
4.073460000000000036e+01 -7.400180000000000291e+01 5.000000000000000000e-01 5.000000000000000000e-01 0.000000000000000000e+00
4.070620000000000260e+01 -7.400990000000000180e+01 7.012987012987013102e-01 2.337662337662337608e-01 6.493506493506492894e-02
4.077040000000000219e+01 -7.395659999999999457e+01 8.378378378378378288e-01 1.621621621621621712e-01 0.000000000000000000e+00
4.076160000000000139e+01 -7.396429999999999438e+01 1.000000000000000000e+00 0.000000000000000000e+00 0.000000000000000000e+00
4.075500000000000256e+01 -7.396359999999999957e+01 6.296296296296296502e-01 2.222222222222222099e-01 1.481481481481481399e-01
4.075880000000000081e+01 -7.399070000000000391e+01 3.333333333333333148e-01 3.333333333333333148e-01 3.333333333333333148e-01
4.069109999999999872e+01 -7.398220000000000596e+01 0.000000000000000000e+00 1.000000000000000000e+00 0.000000000000000000e+00
4.074170000000000158e+01 -7.398059999999999548e+01 7.500000000000000000e-01 2.500000000000000000e-01 0.000000000000000000e+00
4.076030000000000086e+01 -7.399500000000000455e+01 2.727272727272727071e-01 4.545454545454545303e-01 2.727272727272727071e-01
4.083420000000000272e+01 -7.394270000000000209e+01 3.846153846153846367e-01 2.307692307692307820e-01 3.846153846153846367e-01
4.076039999999999708e+01 -7.398699999999999477e+01 7.500000000000000000e-01 2.500000000000000000e-01 0.000000000000000000e+00
4.074600000000000222e+01 -7.397539999999999338e+01 7.222222222222222099e-01 1.111111111111111049e-01 1.666666666666666574e-01
4.077709999999999724e+01 -7.394960000000000377e+01 1.000000000000000000e+00 0.000000000000000000e+00 0.000000000000000000e+00
4.065769999999999840e+01 -7.390550000000000352e+01 1.000000000000000000e+00 0.000000000000000000e+00 0.000000000000000000e+00
4.076370000000000005e+01 -7.398460000000000036e+01 7.666666666666667185e-01 1.666666666666666574e-01 6.666666666666666574e-02
4.070949999999999847e+01 -7.400939999999999941e+01 0.000000000000000000e+00 1.000000000000000000e+00 0.000000000000000000e+00
4.074249999999999972e+01 -7.399259999999999593e+01 1.000000000000000000e+00 0.000000000000000000e+00 0.000000000000000000e+00
4.070879999999999654e+01 -7.401430000000000575e+01 7.500000000000000000e-01 2.500000000000000000e-01 0.000000000000000000e+00
4.077219999999999800e+01 -7.396059999999999945e+01 1.000000000000000000e+00 0.000000000000000000e+00 0.000000000000000000e+00
4.074889999999999901e+01 -7.397650000000000148e+01 6.116504854368931543e-01 2.524271844660194164e-01 1.359223300970873738e-01
4.072740000000000293e+01 -7.398820000000000618e+01 5.000000000000000000e-01 2.500000000000000000e-01 2.500000000000000000e-01
4.075119999999999720e+01 -7.400260000000000105e+01 8.461538461538461453e-01 1.538461538461538547e-01 0.000000000000000000e+00
4.075930000000000319e+01 -7.399620000000000175e+01 6.574074074074074403e-01 3.240740740740740700e-01 1.851851851851851749e-02
4.080080000000000240e+01 -7.396110000000000184e+01 5.000000000000000000e-01 5.000000000000000000e-01 0.000000000000000000e+00
4.072209999999999752e+01 -7.398369999999999891e+01 0.000000000000000000e+00 1.000000000000000000e+00 0.000000000000000000e+00
4.073100000000000165e+01 -7.398760000000000048e+01 1.000000000000000000e+00 0.000000000000000000e+00 0.000000000000000000e+00
4.079279999999999973e+01 -7.397580000000000666e+01 9.000000000000000222e-01 1.000000000000000056e-01 0.000000000000000000e+00
4.075300000000000011e+01 -7.396949999999999648e+01 5.714285714285713969e-01 3.529411764705882582e-01 7.563025210084033112e-02
4.073020000000000351e+01 -7.398260000000000502e+01 5.999999999999999778e-01 3.599999999999999867e-01 4.000000000000000083e-02
4.076630000000000109e+01 -7.382880000000000109e+01 0.000000000000000000e+00 3.333333333333333148e-01 6.666666666666666297e-01
4.073279999999999745e+01 -7.400889999999999702e+01 9.230769230769231282e-01 5.128205128205128027e-02 2.564102564102564014e-02
4.079919999999999902e+01 -7.396739999999999782e+01 1.000000000000000000e+00 0.000000000000000000e+00 0.000000000000000000e+00
4.075880000000000081e+01 -7.396939999999999316e+01 8.333333333333333703e-01 1.666666666666666574e-01 0.000000000000000000e+00
4.075600000000000023e+01 -7.396869999999999834e+01 2.999999999999999889e-01 4.000000000000000222e-01 2.999999999999999889e-01
4.072970000000000113e+01 -7.398600000000000421e+01 6.666666666666666297e-01 2.222222222222222099e-01 1.111111111111111049e-01
4.074439999999999884e+01 -7.400000000000000000e+01 1.000000000000000000e+00 0.000000000000000000e+00 0.000000000000000000e+00
4.074199999999999733e+01 -7.398260000000000502e+01 0.000000000000000000e+00 0.000000000000000000e+00 1.000000000000000000e+00
4.079760000000000275e+01 -7.396800000000000352e+01 7.173913043478260532e-01 2.608695652173912971e-01 2.173913043478260809e-02
4.078359999999999985e+01 -7.394910000000000139e+01 1.000000000000000000e+00 0.000000000000000000e+00 0.000000000000000000e+00
4.078679999999999950e+01 -7.395040000000000191e+01 9.696969696969697239e-01 3.030303030303030387e-02 0.000000000000000000e+00
4.080349999999999966e+01 -7.395669999999999789e+01 1.000000000000000000e+00 0.000000000000000000e+00 0.000000000000000000e+00
4.070799999999999841e+01 -7.401489999999999725e+01 5.123152709359606316e-01 3.596059113300492660e-01 1.280788177339901579e-01
4.078029999999999688e+01 -7.394650000000000034e+01 9.000000000000000222e-01 0.000000000000000000e+00 1.000000000000000056e-01
4.078609999999999758e+01 -7.397769999999999868e+01 1.000000000000000000e+00 0.000000000000000000e+00 0.000000000000000000e+00
4.071110000000000184e+01 -7.400549999999999784e+01 9.075630252100840289e-01 9.243697478991597105e-02 0.000000000000000000e+00
4.073559999999999803e+01 -7.398279999999999745e+01 5.714285714285713969e-01 4.285714285714285476e-01 0.000000000000000000e+00
4.073160000000000025e+01 -7.398390000000000555e+01 8.032786885245901676e-01 1.475409836065573743e-01 4.918032786885245811e-02
4.061670000000000158e+01 -7.395499999999999829e+01 5.000000000000000000e-01 0.000000000000000000e+00 5.000000000000000000e-01
4.065030000000000143e+01 -7.401349999999999341e+01 1.000000000000000000e+00 0.000000000000000000e+00 0.000000000000000000e+00
4.078520000000000323e+01 -7.397769999999999868e+01 0.000000000000000000e+00 0.000000000000000000e+00 1.000000000000000000e+00
4.078419999999999845e+01 -7.394799999999999329e+01 7.500000000000000000e-01 2.500000000000000000e-01 0.000000000000000000e+00
4.076330000000000098e+01 -7.397849999999999682e+01 9.285714285714286031e-01 7.142857142857142461e-02 0.000000000000000000e+00
4.074430000000000263e+01 -7.398590000000000089e+01 1.000000000000000000e+00 0.000000000000000000e+00 0.000000000000000000e+00
4.071869999999999834e+01 -7.398309999999999320e+01 8.461538461538461453e-01 1.538461538461538547e-01 0.000000000000000000e+00
4.074889999999999901e+01 -7.397320000000000562e+01 5.999999999999999778e-01 4.000000000000000222e-01 0.000000000000000000e+00
4.073310000000000031e+01 -7.400549999999999784e+01 6.875000000000000000e-01 3.125000000000000000e-01 0.000000000000000000e+00
4.074049999999999727e+01 -7.397669999999999391e+01 8.000000000000000444e-01 2.000000000000000111e-01 0.000000000000000000e+00
4.074490000000000123e+01 -7.398120000000000118e+01 7.777777777777777901e-01 1.851851851851851749e-01 3.703703703703703498e-02
4.077750000000000341e+01 -7.394830000000000325e+01 4.000000000000000222e-01 5.999999999999999778e-01 0.000000000000000000e+00
4.079740000000000322e+01 -7.397060000000000457e+01 7.142857142857143016e-01 2.857142857142856984e-01 0.000000000000000000e+00
4.075180000000000291e+01 -7.398489999999999611e+01 5.999999999999999778e-01 3.333333333333333148e-01 6.666666666666666574e-02
4.072699999999999676e+01 -7.403079999999999927e+01 1.000000000000000000e+00 0.000000000000000000e+00 0.000000000000000000e+00
4.074210000000000065e+01 -7.397880000000000678e+01 7.272727272727272929e-01 2.727272727272727071e-01 0.000000000000000000e+00
4.076030000000000086e+01 -7.396099999999999852e+01 7.500000000000000000e-01 2.500000000000000000e-01 0.000000000000000000e+00
4.077519999999999811e+01 -7.398869999999999436e+01 1.000000000000000000e+00 0.000000000000000000e+00 0.000000000000000000e+00
4.070810000000000173e+01 -7.400650000000000261e+01 5.673758865248227368e-01 2.978723404255319007e-01 1.347517730496453903e-01
4.075900000000000034e+01 -7.396210000000000662e+01 5.999999999999999778e-01 2.999999999999999889e-01 1.000000000000000056e-01
4.071000000000000085e+01 -7.401430000000000575e+01 5.223880597014924909e-01 2.985074626865671377e-01 1.791044776119402882e-01
4.073329999999999984e+01 -7.397960000000000491e+01 1.000000000000000000e+00 0.000000000000000000e+00 0.000000000000000000e+00
4.078940000000000055e+01 -7.397639999999999816e+01 7.500000000000000000e-01 2.083333333333333426e-01 4.166666666666666435e-02
4.078649999999999665e+01 -7.397440000000000282e+01 0.000000000000000000e+00 1.000000000000000000e+00 0.000000000000000000e+00
4.070329999999999870e+01 -7.392000000000000171e+01 1.000000000000000000e+00 0.000000000000000000e+00 0.000000000000000000e+00
4.072379999999999711e+01 -7.399020000000000152e+01 6.250000000000000000e-01 3.750000000000000000e-01 0.000000000000000000e+00
4.070470000000000255e+01 -7.400759999999999650e+01 8.000000000000000444e-01 1.909090909090909172e-01 9.090909090909090468e-03
4.074660000000000082e+01 -7.397790000000000532e+01 4.666666666666666741e-01 4.000000000000000222e-01 1.333333333333333315e-01
4.078379999999999939e+01 -7.395350000000000534e+01 9.791666666666666297e-01 2.083333333333333218e-02 0.000000000000000000e+00
4.077049999999999841e+01 -7.394849999999999568e+01 7.600000000000000089e-01 1.600000000000000033e-01 8.000000000000000167e-02
4.077060000000000173e+01 -7.395010000000000616e+01 6.363636363636363535e-01 2.727272727272727071e-01 9.090909090909091161e-02
4.084409999999999741e+01 -7.394060000000000343e+01 1.000000000000000000e+00 0.000000000000000000e+00 0.000000000000000000e+00
4.075679999999999836e+01 -7.399819999999999709e+01 6.736842105263157743e-01 2.596491228070175183e-01 6.666666666666666574e-02
4.080709999999999837e+01 -7.395520000000000493e+01 1.000000000000000000e+00 0.000000000000000000e+00 0.000000000000000000e+00
4.077490000000000236e+01 -7.397820000000000107e+01 6.666666666666666297e-01 3.333333333333333148e-01 0.000000000000000000e+00
4.064609999999999701e+01 -7.396169999999999334e+01 5.000000000000000000e-01 5.000000000000000000e-01 0.000000000000000000e+00
4.073179999999999978e+01 -7.398640000000000327e+01 5.714285714285713969e-01 1.428571428571428492e-01 2.857142857142856984e-01
4.067739999999999867e+01 -7.395829999999999416e+01 1.000000000000000000e+00 0.000000000000000000e+00 0.000000000000000000e+00
4.076279999999999859e+01 -7.398489999999999611e+01 7.894736842105263275e-01 2.105263157894736725e-01 0.000000000000000000e+00
4.066210000000000235e+01 -7.397929999999999495e+01 5.999999999999999778e-01 2.000000000000000111e-01 2.000000000000000111e-01
4.072469999999999857e+01 -7.399349999999999739e+01 8.636363636363636465e-01 1.363636363636363535e-01 0.000000000000000000e+00
4.082330000000000325e+01 -7.395319999999999538e+01 1.000000000000000056e-01 5.999999999999999778e-01 2.999999999999999889e-01
4.073429999999999751e+01 -7.400939999999999941e+01 1.000000000000000000e+00 0.000000000000000000e+00 0.000000000000000000e+00
4.076319999999999766e+01 -7.399070000000000391e+01 1.000000000000000000e+00 0.000000000000000000e+00 0.000000000000000000e+00
4.074499999999999744e+01 -7.398629999999999995e+01 8.235294117647058432e-01 1.568627450980392135e-01 1.960784313725490169e-02
4.064929999999999666e+01 -7.397400000000000375e+01 0.000000000000000000e+00 1.000000000000000000e+00 0.000000000000000000e+00
4.077289999999999992e+01 -7.394849999999999568e+01 5.714285714285713969e-01 4.285714285714285476e-01 0.000000000000000000e+00
4.076250000000000284e+01 -7.398640000000000327e+01 7.368421052631578538e-01 2.105263157894736725e-01 5.263157894736841813e-02
4.082220000000000226e+01 -7.393999999999999773e+01 7.500000000000000000e-01 1.250000000000000000e-01 1.250000000000000000e-01
4.075860000000000127e+01 -7.398380000000000223e+01 7.209302325581394832e-01 2.325581395348837177e-01 4.651162790697674354e-02
4.082459999999999667e+01 -7.395080000000000098e+01 8.214285714285713969e-01 1.785714285714285754e-01 0.000000000000000000e+00
4.078050000000000352e+01 -7.394639999999999702e+01 8.863636363636363535e-01 1.136363636363636326e-01 0.000000000000000000e+00
4.079740000000000322e+01 -7.397079999999999700e+01 9.333333333333333481e-01 6.666666666666666574e-02 0.000000000000000000e+00
4.080210000000000292e+01 -7.393919999999999959e+01 5.757575757575758013e-01 3.030303030303030387e-01 1.212121212121212155e-01
4.068979999999999819e+01 -7.397969999999999402e+01 5.625000000000000000e-01 3.750000000000000000e-01 6.250000000000000000e-02
4.073340000000000316e+01 -7.400469999999999970e+01 9.439999999999999503e-01 4.800000000000000100e-02 8.000000000000000167e-03
4.077349999999999852e+01 -7.390640000000000498e+01 0.000000000000000000e+00 1.000000000000000000e+00 0.000000000000000000e+00
4.077709999999999724e+01 -7.395149999999999579e+01 1.000000000000000000e+00 0.000000000000000000e+00 0.000000000000000000e+00
4.076010000000000133e+01 -7.398999999999999488e+01 6.811594202898550998e-01 2.608695652173912971e-01 5.797101449275362389e-02
4.078629999999999711e+01 -7.397100000000000364e+01 9.166666666666666297e-01 8.333333333333332871e-02 0.000000000000000000e+00
4.077669999999999817e+01 -7.394559999999999889e+01 1.000000000000000000e+00 0.000000000000000000e+00 0.000000000000000000e+00
4.076689999999999969e+01 -7.393439999999999657e+01 3.636363636363636465e-01 5.454545454545454142e-01 9.090909090909091161e-02
4.073380000000000223e+01 -7.400090000000000146e+01 8.750000000000000000e-01 1.250000000000000000e-01 0.000000000000000000e+00
4.074940000000000140e+01 -7.388009999999999877e+01 1.000000000000000000e+00 0.000000000000000000e+00 0.000000000000000000e+00
4.084190000000000254e+01 -7.393770000000000664e+01 1.000000000000000000e+00 0.000000000000000000e+00 0.000000000000000000e+00
4.073210000000000264e+01 -7.400799999999999557e+01 8.717948717948718063e-01 1.282051282051281937e-01 0.000000000000000000e+00
4.077900000000000347e+01 -7.394610000000000127e+01 6.999999999999999556e-01 2.000000000000000111e-01 1.000000000000000056e-01
4.072919999999999874e+01 -7.398600000000000421e+01 8.125000000000000000e-01 1.875000000000000000e-01 0.000000000000000000e+00
4.073810000000000286e+01 -7.399200000000000443e+01 1.000000000000000000e+00 0.000000000000000000e+00 0.000000000000000000e+00
4.073689999999999856e+01 -7.386329999999999529e+01 1.000000000000000000e+00 0.000000000000000000e+00 0.000000000000000000e+00
4.072220000000000084e+01 -7.394639999999999702e+01 1.000000000000000000e+00 0.000000000000000000e+00 0.000000000000000000e+00
4.073160000000000025e+01 -7.398380000000000223e+01 2.500000000000000000e-01 7.500000000000000000e-01 0.000000000000000000e+00
4.075589999999999691e+01 -7.396580000000000155e+01 5.882352941176470784e-01 2.941176470588235392e-01 1.176470588235294101e-01
4.075489999999999924e+01 -7.396899999999999409e+01 8.666666666666666963e-01 1.333333333333333315e-01 0.000000000000000000e+00
4.071979999999999933e+01 -7.399909999999999854e+01 1.000000000000000000e+00 0.000000000000000000e+00 0.000000000000000000e+00
4.074459999999999837e+01 -7.397400000000000375e+01 7.377049180327869271e-01 2.131147540983606425e-01 4.918032786885245811e-02
4.078260000000000218e+01 -7.395090000000000430e+01 1.000000000000000000e+00 0.000000000000000000e+00 0.000000000000000000e+00
4.078540000000000276e+01 -7.397520000000000095e+01 2.500000000000000000e-01 5.000000000000000000e-01 2.500000000000000000e-01
4.067360000000000042e+01 -7.396590000000000487e+01 7.058823529411765163e-01 2.941176470588235392e-01 0.000000000000000000e+00
4.080630000000000024e+01 -7.391570000000000107e+01 0.000000000000000000e+00 0.000000000000000000e+00 1.000000000000000000e+00
4.075379999999999825e+01 -7.397400000000000375e+01 6.421052631578947345e-01 2.947368421052631304e-01 6.315789473684210731e-02
4.077920000000000300e+01 -7.395140000000000668e+01 5.999999999999999778e-01 3.599999999999999867e-01 4.000000000000000083e-02
4.076209999999999667e+01 -7.396380000000000621e+01 7.500000000000000000e-01 0.000000000000000000e+00 2.500000000000000000e-01
4.077850000000000108e+01 -7.397589999999999577e+01 1.000000000000000000e+00 0.000000000000000000e+00 0.000000000000000000e+00
4.069060000000000343e+01 -7.398269999999999413e+01 1.000000000000000000e+00 0.000000000000000000e+00 0.000000000000000000e+00
4.076400000000000290e+01 -7.397990000000000066e+01 1.000000000000000000e+00 0.000000000000000000e+00 0.000000000000000000e+00
4.075820000000000221e+01 -7.396219999999999573e+01 5.000000000000000000e-01 5.000000000000000000e-01 0.000000000000000000e+00
